# AUTO-GENERATED BY OPTUNA — DO NOT EDIT MANUALLY
# Optimization date: 2026-06-14T09:50:13.917998+00:00
# Best trial: 26
# Validation score: 0.7435
# Trials run: 100

inter_agent_weights:
  shipping: 0.490726
  market: 0.109107
  geopolitical: 0.119071
  natural_disaster: 0.094715
  routing: 0.061106
  news_sentiment: 0.125275
intra_agent_weights:
  shipping:
    isolation_forest: 0.651535
    zscore: 0.348465
  market:
    oil: 0.272866
    trade_volume: 0.326983
    freight: 0.400151
  geopolitical:
    sanctions: 0.484569
    military: 0.158755
    diplomatic: 0.277878
    stability: 0.078799
  natural_disaster:
    earthquake: 0.242029
    tsunami: 0.355513
    cyclone: 0.189371
    severe_weather: 0.213087
  routing:
    model_score: 0.504684
    transit_zscore: 0.495316
  news_sentiment:
    sentiment: 0.421899
    consensus: 0.245863
    velocity: 0.131431
    volume: 0.200808
thresholds:
  risk_high: 0.582354
  risk_medium: 0.25996
  agreement_bonus_3: 1.034689
  agreement_bonus_5: 1.416908
  shipping_threshold: 0.549547
  market_z_threshold: 2.005234
  geopolitical_threshold: 0.389233
  disaster_threshold: 0.457571
  disaster_single_event: 0.560856
  routing_threshold: 0.570548
  news_negative_threshold: -0.393848
  news_consensus_threshold: 0.205372
